%YAML:1.0
# General sensor definitions.
camera_id: left_cam

# Sensor extrinsics wrt. the body-frame.
T_BS:
  cols: 4
  rows: 4
  data: [ -0.03615, -0.000161828,     0.999346, -0.11,
         -0.999346,  -0.00015608,   -0.0361501, -0.06,
       0.000161828,           -1,  -0.00015608,  0.68,
         0.0, 0.0, 0.0, 1.0]

# Camera specific definitions.
rate_hz: 20
resolution: [960, 540]
camera_model: pinhole
intrinsics: [560.1915283203125, 560.1915283203125, 490.475341796875, 296.8459777832031] #fu, fv, cu, cv
distortion_model: radial-tangential
# distortion_coefficients: [-0.28340811, 0.07395907, 0.00019359, 1.76187114e-05]
distortion_coefficients: [0,0,0,0]


